0.730729 0.7525 0 0 418451
0.328374 0.2685623 0 0 98461
0.740438 0.48961 0 0 8495120
0.202213 0.16548 0 0 98461
0.920914 0.549865 0 0 456185
0.684757 0.948 0 0 4851
0.653137 0.54891 0 0 12552
0.416513 0.78412 0 0 18946
0.498618 0.81623 0 0 18632
0.563156 0.97894 0 0 852
0.894526 0.12345 0 0 1896
0.852985 0.41568 0 0 4986
0.165416 0.41654 0 0 4165
0.168646 0.41674 0 0 1985
0.417097 0.96375 0 0 1985
0.419845 0.49685 0 0 498616
0.248955 0.55555 0 0 249865
0.888888 0.88888 0 0 9287456
0.184156 0.49865 0 0 298635
0.165148 0.70297 0 0 918645
0.198546 0.74516 0 0 8164845
0.476548 0.89645 0 0 618455
0.789465 0.47168 0 0 618551
0.984652 0.89734 0 0 987415
0.984155 0.98789 0 0 984561
0.986455 0.21556 0 0 213455
0.321456 0.13245 0 0 54685
0.165563 0.54616 0 0 1657
0.132456 0.45678 0 0 48652
0.546135 0.49651 0 0 49855
0.894562 0.89546 0 0 64552
0.468555 0.84551 0 0 11111